		BEGIN RANDOM FOREST RESULTS

Iteration 1
399 1
0 413
0 0.002415459
Iteration 1
408 3
0 402
0 0.007407407
Iteration 1
431 2
0 380
0 0.005235602
Iteration 1
421 1
1 389
0.002369668 0.002564103
Iteration 1
431 1
0 380
0 0.002624672
Iteration 1
430 1
0 381
0 0.002617801
Iteration 1
439 2
0 371
0 0.00536193
Iteration 1
403 2
0 407
0 0.004889976
Iteration 1
414 2
0 396
0 0.005025126
Iteration 2
431 0
0 382
0 0
Iteration 2
407 2
1 403
0.00245098 0.004938272
Iteration 2
431 2
0 380
0 0.005235602
Iteration 2
422 1
0 389
0 0.002564103
Iteration 2
431 1
0 380
0 0.002624672
Iteration 2
430 1
0 381
0 0.002617801
Iteration 2
439 2
0 371
0 0.00536193
Iteration 2
403 2
0 407
0 0.004889976
Iteration 2
414 2
0 396
0 0.005025126
Iteration 3
431 0
0 382
0 0
Iteration 3
399 1
0 413
0 0.002415459
Iteration 3
431 2
0 380
0 0.005235602
Iteration 3
422 1
0 389
0 0.002564103
Iteration 3
431 1
0 380
0 0.002624672
Iteration 3
430 1
0 381
0 0.002617801
Iteration 3
439 2
0 371
0 0.00536193
Iteration 3
403 2
0 407
0 0.004889976
Iteration 3
414 1
0 397
0 0.002512563
Iteration 4
431 0
0 382
0 0
Iteration 4
399 1
0 413
0 0.002415459
Iteration 4
407 2
1 403
0.00245098 0.004938272
Iteration 4
422 1
0 389
0 0.002564103
Iteration 4
431 1
0 380
0 0.002624672
Iteration 4
430 1
0 381
0 0.002617801
Iteration 4
439 2
0 371
0 0.00536193
Iteration 4
403 2
0 407
0 0.004889976
Iteration 4
414 2
0 396
0 0.005025126
Iteration 5
431 0
0 382
0 0
Iteration 5
399 2
0 412
0 0.004830918
Iteration 5
408 3
0 402
0 0.007407407
Iteration 5
431 2
0 380
0 0.005235602
Iteration 5
431 1
0 380
0 0.002624672
Iteration 5
430 1
0 381
0 0.002617801
Iteration 5
439 2
0 371
0 0.00536193
Iteration 5
403 2
0 407
0 0.004889976
Iteration 5
414 2
0 396
0 0.005025126
Iteration 6
431 0
0 382
0 0
Iteration 6
399 1
0 413
0 0.002415459
Iteration 6
408 2
0 403
0 0.004938272
Iteration 6
431 2
0 380
0 0.005235602
Iteration 6
421 1
1 389
0.002369668 0.002564103
Iteration 6
430 1
0 381
0 0.002617801
Iteration 6
439 2
0 371
0 0.00536193
Iteration 6
403 2
0 407
0 0.004889976
Iteration 6
414 2
0 396
0 0.005025126
Iteration 7
431 0
0 382
0 0
Iteration 7
399 1
0 413
0 0.002415459
Iteration 7
408 1
0 404
0 0.002469136
Iteration 7
431 2
0 380
0 0.005235602
Iteration 7
422 1
0 389
0 0.002564103
Iteration 7
431 1
0 380
0 0.002624672
Iteration 7
439 2
0 371
0 0.00536193
Iteration 7
403 2
0 407
0 0.004889976
Iteration 7
414 2
0 396
0 0.005025126
Iteration 8
431 0
0 382
0 0
Iteration 8
399 2
0 412
0 0.004830918
Iteration 8
408 2
0 403
0 0.004938272
Iteration 8
431 2
0 380
0 0.005235602
Iteration 8
421 1
1 389
0.002369668 0.002564103
Iteration 8
431 1
0 380
0 0.002624672
Iteration 8
430 1
0 381
0 0.002617801
Iteration 8
403 2
0 407
0 0.004889976
Iteration 8
414 2
0 396
0 0.005025126
Iteration 9
431 0
0 382
0 0
Iteration 9
399 1
0 413
0 0.002415459
Iteration 9
407 1
1 404
0.00245098 0.002469136
Iteration 9
431 2
0 380
0 0.005235602
Iteration 9
422 1
0 389
0 0.002564103
Iteration 9
431 1
0 380
0 0.002624672
Iteration 9
430 1
0 381
0 0.002617801
Iteration 9
439 2
0 371
0 0.00536193
Iteration 9
414 2
0 396
0 0.005025126
Iteration 10
431 0
0 382
0 0
Iteration 10
399 1
0 413
0 0.002415459
Iteration 10
408 2
0 403
0 0.004938272
Iteration 10
431 2
0 380
0 0.005235602
Iteration 10
422 1
0 389
0 0.002564103
Iteration 10
431 1
0 380
0 0.002624672
Iteration 10
430 1
0 381
0 0.002617801
Iteration 10
439 2
0 371
0 0.00536193
Iteration 10
403 2
0 407
0 0.004889976
Iteration Averages
419.5556 1.666667
0.1111111 391
0.0002632965 0.004238008
Iteration Averages
423.1111 1.444444
0.1111111 387.6667
0.0002723312 0.003695276
Iteration Averages
422.2222 1.222222
0 388.8889
0 0.003135789
Iteration Averages
419.5556 1.333333
0.1111111 391.3333
0.0002723312 0.003381926
Iteration Averages
420.6667 1.666667
0 390.1111
0 0.004221492
Iteration Averages
419.5556 1.444444
0.1111111 391.3333
0.0002632965 0.00367203
Iteration Averages
419.7778 1.333333
0 391.3333
0 0.003398445
Iteration Averages
418.6667 1.444444
0.1111111 392.2222
0.0002632965 0.003636274
Iteration Averages
422.6667 1.222222
0.1111111 388.4444
0.0002723312 0.003145981
Iteration Averages
421.5556 1.333333
0 389.5556
0 0.003405313
421 2
1 391
1 1
