Iteration #1:

Iteration #1:

847 0
8 770


847 0
8 770


847 0
8 770


847 0
8 770


Iteration #2:

876 0
13 736


876 0
13 736


876 0
13 736


876 0
13 736


Iteration #3:

854 0
9 762


854 0
9 762


854 0
9 762


854 0
9 762


Iteration #4:

779 0
9 837


779 0
9 837


779 0
9 837


779 0
9 837


Iteration #5:

852 0
9 763


852 0
9 763


852 0
9 763


852 0
9 763


Iteration #1:

847 0
8 770


847 0
8 770


847 0
8 770


847 0
8 770


Iteration #2:

876 0
13 736


876 0
13 736


876 0
13 736


876 0
13 736


Iteration #3:

854 0
9 762


854 0
9 762


854 0
9 762


854 0
9 762


Iteration #4:

779 0
9 837


779 0
9 837


779 0
9 837


779 0
9 837


Iteration #5:

852 0
9 763


852 0
9 763


852 0
9 763


852 0
9 763


Averages of each CV iteration: 
847 0
8 770


876 0
13 736


854 0
9 762


779 0
9 837


852 0
9 763


Iteration #1:

847 0
8 770


847 0
8 770


847 0
8 770


847 0
8 770


Iteration #2:

876 0
13 736


876 0
13 736


876 0
13 736


876 0
13 736


Iteration #3:

854 0
9 762


854 0
9 762


854 0
9 762


854 0
9 762


Iteration #4:

779 0
9 837


779 0
9 837


779 0
9 837


779 0
9 837


Iteration #5:

852 0
9 763


852 0
9 763


852 0
9 763


852 0
9 763


Averages of each CV iteration:

847 0
8 770


876 0
13 736


854 0
9 762


779 0
9 837


852 0
9 763


Overall Test Error for 5-folds cross
			  validation:

841.6 0
9.6 773.6


Beginning Classification Tree
